0.00 1.29
0.20 0.14
0.41 2.04
0.61 0.97
0.82 0.96
1.02 2.99
1.22 2.15
1.43 4.37
1.63 -15.30
1.84 -4.04
2.04 -2.65
2.24 -1.96
2.45 -2.25
2.65 -1.33
2.86 -2.12
3.06 -0.19
3.27 -1.53
3.47 -0.01
3.67 -2.14
3.88 -1.51
4.08 -2.38
4.29 -3.00
4.49 -3.35
4.69 -54.43
4.90 5.15
5.10 2.42
5.31 3.23
5.51 -0.52
5.71 1.46
5.92 2.38
6.12 1.39
6.33 1.07
6.53 -0.18
6.73 0.09
6.94 0.75
7.14 2.54
7.35 2.90
7.55 3.25
7.76 11.29
7.96 -10.02
8.16 -3.38
8.37 -2.11
8.57 -1.50
8.78 -0.41
8.98 -0.32
9.18 -0.42
9.39 -1.70
9.59 0.81
9.80 -2.16
10.00 -0.43
